1	1118
2	1921
3	2548
4	3850
5	5523
6	7083
7	9332
8	11502
9	13257
10	14576
11	15897
12	16683
13	17549
14	18895
15	19261
16	19629
17	20163
18	20734
19	20854
20	21566
21	21591
22	22610
23	23033
24	22809
25	23591
26	23467
27	23145
28	23643
29	23795
30	23412
31	23843
32	24449
33	24256
34	24552
35	24737
36	24972
37	25232
38	25507
39	27535
40	27664
41	27010
42	27933
43	28139
44	28048
45	28149
46	27900
47	28409
48	28581
49	29525
50	29856
51	29932
52	31144
53	30950
54	31105
55	30704
56	31562
57	32314
58	30990
59	32348
60	32546
61	32569
62	31929
63	32189
64	32098
65	31958
66	32369
67	32363
68	32690
69	32108
70	32161
71	32765
72	32074
73	32186
74	32882
75	32245
76	31791
77	32257
78	32783
79	33049
80	32994
81	32594
82	32804
83	33317
84	33148
85	32072
86	32986
87	31706
88	33535
89	33391
90	33508
91	33273
92	33704
93	33725
94	32700
95	34162
96	33857
97	33033
98	33850
99	34509
100	34547
101	34539
102	35004
103	35183
104	35688
105	35009
106	35357
107	35442
108	35313
109	35883
110	35115
111	35213
112	35561
113	35302
114	35510
115	35958
116	36509
117	37648
118	37451
119	37855
120	38297
121	38148
122	38827
123	39335
124	39222
125	39948
126	39493
127	39116
128	39473
129	39886
130	39481
131	39204
132	38656
133	39153
134	39571
135	39449
136	39607
137	40340
138	39348
139	39043
140	40568
141	42046
142	43669
143	44358
144	43767
145	43963
146	44446
147	44578
148	44112
149	44226
150	44388
151	43931
152	44090
153	44264
154	43611
155	43367
156	43706
157	43993
158	44888
159	44785
160	43933
161	45412
162	44386
163	45128
164	45581
165	45639
166	45237
167	45601
168	45295
169	45503
170	45554
171	46146
172	45744
173	45974
174	47139
175	50073
176	53963
177	54633
178	55051
179	55205
180	54785
181	57142
182	58668
183	60256
184	59812
185	59861
186	59870
187	60158
188	58945
189	60547
190	60169
191	60046
192	60239
193	61631
194	62107
195	62635
196	62717
197	64291
198	62725
199	62600
200	62118
201	63092
202	63305
203	62897
204	62422
205	62899
206	61630
207	62643
208	63619
209	62258
210	61754
211	63369
212	61582
213	63176
214	63778
215	63269
216	62458
217	64081
218	63624
219	62578
220	62105
221	61450
222	63654
223	62901
224	62422
225	63182
226	63194
227	62949
228	62730
229	62174
230	62660
231	62525
232	62865
233	63904
234	63109
235	62804
236	63066
237	62317
238	62411
239	62656
240	63437
241	62773
242	62416
243	62468
244	61998
245	63445
246	63276
247	62455
248	63895
249	63103
250	61669
251	62687
252	63076
253	61789
254	62116
255	62982
256	63873
257	64220
258	65253
259	63318
260	63906
261	65434
262	65427
263	65956
264	66442
265	65775
266	65912
267	64514
268	64331
269	65658
270	65064
271	65311
272	65853
273	66497
274	64529
275	65076
276	65973
277	64900
278	65974
279	65393
280	65117
281	65589
282	66118
283	64256
284	65502
285	64690
286	65071
287	64646
288	66183
289	64295
290	66670
291	64740
292	64347
293	64963
294	65037
295	64861
296	65714
297	65254
298	64634
299	65773
300	64362
301	64725
302	65253
303	65040
304	64756
305	66118
306	64944
307	64717
308	63995
309	64717
310	65035
311	65343
312	64092
313	66063
314	66372
315	64762
316	65674
317	66059
318	67734
319	68230
320	71243
321	71599
322	70888
323	69774
324	71160
325	70574
326	70898
327	72481
328	72043
329	69956
330	71602
331	71489
332	71238
333	70925
334	72404
335	72230
336	71347
337	70227
338	71471
339	70177
340	71440
341	72265
342	72712
343	70028
344	71980
345	73680
346	74875
347	75256
348	76015
349	76264
350	74902
351	75044
352	76885
353	75261
354	76020
355	75172
356	76860
357	76550
358	76625
359	76904
360	77808
361	76029
362	77666
363	76954
364	76709
365	76484
366	76816
367	76885
368	77216
369	77626
370	78933
371	80059
372	80531
373	82391
374	83084
375	84638
376	84583
377	83238
378	84512
379	84851
380	85238
381	84382
382	84126
383	83788
384	86082
385	83968
386	84192
387	83626
388	83127
389	84249
390	84942
391	83168
392	84773
393	84458
394	84076
395	84524
396	85498
397	83340
398	85063
399	84648
400	86115
401	83940
402	84696
403	84450
404	85057
405	84648
406	84354
407	84302
408	85123
409	85447
410	84746
411	83417
412	84298
413	83941
414	84484
415	84652
416	84625
417	85443
418	84477
419	83737
420	83083
421	84607
422	84135
423	84304
424	84478
425	84191
426	84173
427	84426
428	85312
429	86152
430	83715
431	85175
432	84602
433	83883
434	83188
435	83585
436	85499
437	84736
438	85186
439	83533
440	85109
441	83914
442	85671
443	85580
444	84295
445	84238
446	85183
447	84654
448	84135
449	83981
450	84318
451	82503
452	84109
453	84954
454	83747
455	83037
456	83793
457	84284
458	82184
459	83982
460	84091
461	84856
462	85250
463	84002
464	84994
465	84869
466	84608
467	83641
468	84589
469	85362
470	86392
471	84169
472	85208
473	85375
474	84555
475	84009
476	85616
477	83210
478	85329
479	84945
480	86448
481	84934
482	83010
483	84621
484	84295
485	83389
486	85973
487	84766
488	85053
489	85576
490	85425
491	83840
492	83919
493	86878
494	87911
495	88269
496	89731
497	89201
498	89763
499	90692
500	88227
501	89965
502	91837
503	91210
504	90930
505	92176
506	91570
507	90562
508	90225
509	90269
510	90251
511	90075
512	91723
513	89151
514	89304
515	89525
516	89846
517	90184
518	91092
519	91353
520	90240
521	88831
522	87832
523	90248
524	90152
525	90920
526	90429
527	90116
528	89881
529	91622
530	89810
531	90376
532	90091
533	89070
534	90916
535	90383
536	89492
537	89973
538	90860
539	91817
540	89482
541	89518
542	91203
543	88982
544	89872
545	89556
546	91593
547	90886
548	89524
549	90264
550	88561
551	91244
552	88852
553	90083
554	91537
555	90272
556	89882
557	89193
558	89647
559	88546
560	90585
561	89347
562	89967
563	89179
564	89658
565	89893
566	91321
567	90020
568	90749
569	90226
570	90314
571	89351
572	89993
573	89239
574	90322
575	90569
576	89758
577	88598
578	89315
579	89884
580	90743
581	90319
582	90640
583	89217
584	90058
585	89393
586	89130
587	90311
588	90711
589	89556
590	89024
591	91963
592	91765
593	91349
594	90391
595	91278
596	90102
597	90943
598	90723
599	90790
600	88597
601	90439
602	89975
603	89182
604	89619
605	90942
606	90708
607	89416
608	89595
609	88815
610	88957
611	89469
612	90011
613	91069
614	89089
615	90750
616	88940
617	87788
618	88762
619	88800
620	89207
621	88437
622	91912
623	90343
624	89532
625	89987
626	90395
627	89042
628	90380
629	88777
630	91481
631	91074
632	89607
633	88614
634	90748
635	90815
636	90001
637	90489
638	88720
639	88715
640	89731
641	89950
642	89408
643	90789
644	91251
645	91130
646	90778
647	90243
648	90944
649	90031
650	89685
651	90599
652	89385
653	91219
654	89897
655	89442
656	89110
657	90879
658	90449
659	89057
660	90571
661	88041
662	88347
663	88338
664	89664
665	91250
666	91407
667	89932
668	89390
669	89916
670	89745
671	88330
672	89245
673	89641
674	90417
675	91140
676	91847
677	91005
678	91479
679	89232
680	90312
681	86721
682	89289
683	89591
684	90814
685	89955
686	88671
687	88717
688	89737
689	89342
690	91321
691	91551
692	89177
693	91800
694	90012
695	88618
696	89465
697	88141
698	89637
699	90576
700	90731
701	88314
702	90295
703	89809
704	88019
705	89291
706	90753
707	88696
708	90278
709	90185
710	90408
711	89347
712	89617
713	90278
714	90758
715	89876
716	90210
717	90708
718	90035
719	90632
720	90123
721	91488
722	90985
723	88022
724	87078
725	89658
726	88614
727	89519
728	89101
729	90859
730	90084
731	90714
732	90446
733	91690
734	89560
735	88471
736	89126
737	90010
738	91555
739	89640
740	91076
741	89953
742	90749
743	89564
744	89017
745	89634
746	90238
747	91999
748	91274
749	90778
750	89542
751	88490
752	90957
753	90699
754	90286
755	88107
756	89890
757	91478
758	90164
759	90762
760	90445
761	89746
762	90376
763	90749
764	89241
765	89937
766	89723
767	91275
768	90532
769	90873
770	90052
771	89028
772	91102
773	88232
774	88493
775	88958
776	90291
777	89705
778	88548
779	89782
780	89200
781	90362
782	90830
783	89363
784	88448
785	88405
786	90497
787	88654
788	88974
789	90797
790	90203
791	87860
792	89232
793	90439
794	89848
795	90023
796	91536
797	89880
798	89392
799	89218
800	91069
801	89956
802	90203
803	90304
804	87941
805	89686
806	89447
807	92063
808	89726
809	90544
810	90857
811	89501
812	90159
813	90099
814	89586
815	90765
816	90550
817	89552
818	88727
819	90327
820	90238
821	89512
822	88497
823	91024
824	90309
825	90328
